12 12 12 12 12 12 12 12 12 12 12 12 12 12 12 12 12 12 12 12
12 12 12 12 12 12 12 12 12 18 18 12 12 12 12 12 12 12 12 12
12 12 12 12 12 12 12 12 18 10 10 18 12 12 12 12 12 12 12 12
12 12 12 12 12 12 12 18 10 10 10 10 18 12 12 12 12 12 12 12
12 12 12 12 12 12 18 10 10 10 10 10 10 18 12 12 12 12 12 12
12 12 12 12 12 18 10 10 39 10 10 10 10 10 18 12 12 12 12 12
12 12 12 12 18 10 10 10 10 10 10 10 39 10 10 18 12 12 12 12
12 12 12 18 10 10 10 10 10 10 10 10 10 10 10 10 18 12 12 12
12 12 18 10 10 10 10 10 10 10 10 10 10 10 10 10 10 18 12 12
12 18 10 10 10 10 10 10 10 10 10 10 10 10 10 10 10 10 18 12
12 18 10 10 10 10 10 10 10 10 10 10 10 10 10 10 10 10 18 12
12 18 10 10 10 10 10 10 10 10 10 10 10 10 10 10 10 10 18 12
12 12 18 10 10 10 10 10 10 10 10 10 10 10 10 10 10 18 12 12
12 12 18 10 10 10 10 10 10 10 10 10 10 10 39 10 10 18 12 12
12 12 12 18 10 10 10 10 10 10 10 10 10 10 10 10 18 12 12 12
12 12 12 18 10 10 10 10 10 10 10 10 10 10 10 10 18 12 12 12
12 12 12 12 18 10 10 10 10 10 10 10 10 10 10 18 12 12 12 12
12 12 12 12 12 18 10 10 10 10 10 10 10 10 18 12 12 12 12 12
12 12 12 12 12 12 18 10 10 10 10 10 10 18 12 12 12 12 12 12
12 12 12 12 12 12 12 18 18 18 18 18 18 12 12 12 12 12 12 12