30 30 30 30 30 30 30 30 30 30 30 30 30 30 30 30 30 30 30 30 30 30 30 30 30 30 30 30 30 30 30 30 30 30 30 30 30 30 30 30 30 30 30 30 30 30 30 30 30 30
30 30 30 30 30 30 30 30 30 30 30 30 30 30 30 30 30 30 30 30 30 30 30 30 30 30 30 30 30 30 30 30 30 30 30 30 30 30 30 30 30 30 30 30 30 30 30 30 30 30
30 30 30 30 30 30 30 30 30 30 30 30 30 30 30 30 30 30 30 30 30 30 30 30 30 30 30 30 30 30 30 30 30 30 30 30 30 30 30 30 30 30 30 30 30 30 30 30 30 30
30 30 30 30 30 30 30 30 30 30 30 30 30 30 30 30 30 30 30 30 30 30 30 30 30 30 30 30 30 30 30 30 30 30 30 30 30 30 30 30 30 30 30 30 30 30 30 30 30 30
30 30 30 30 30 30 30 30 30 30 30 30 30 31 30 30 30 30 30 30 30 30 30 30 30 30 30 30 30 30 30 30 30 30 30 30 30 30 30 30 30 30 30 30 30 30 30 30 30 30
30 30 30 30 30 30 31 30 30 30 30 30 30 30 30 30 30 30 30 30 30 30 30 30 31 30 30 30 30 30 30 30 31 30 30 30 30 30 30 30 30 30 30 30 30 30 30 30 30 30
30 30 30 31 30 30 30 30 30 30 31 30 30 30 30 30 30 31 30 30 30 30 30 30 30 30 31 30 30 30 30 30 30 30 30 30 30 30 30 30 31 30 30 30 30 30 30 30 30 30
30 30 30 30 30 30 30 30 31 30 30 30 30 30 31 30 30 30 30 30 30 30 31 30 30 30 30 30 30 30 31 30 30 31 30 30 30 31 30 30 30 30 30 30 30 30 30 30 30 30
30 30 30 30 30 30 30 30 30 30 30 30 30 30 30 30 30 30 30 30 31 30 30 30 30 30 30 30 31 30 30 30 30 30 30 31 30 30 30 30 30 30 31 30 30 30 30 30 30 30
30 30 30 30 31 30 30 40 38 38 38 38 41 30 30 30 30 30 40 38 38 38 38 38 38 38 41 30 30 30 40 38 38 38 38 38 38 38 38 38 38 41 30 30 30 30 30 30 30 30
30 30 30 30 30 30 40 39 10 10 10 10 37 41 30 30 30 40 39 10 10 10 10 10 10 10 37 38 38 38 39 10 10 10 10 10 10 10 10 10 10 35 30 30 31 30 30 30 30 30
30 31 30 30 30 30 36 10 10 10 10 10 10 37 38 38 38 39 10 10 32 33 33 33 34 10 10 10 10 10 10 10 10 10 10 10 10 10 10 10 10 35 30 30 30 30 30 30 30 30
30 30 30 30 30 40 39 10 10 10 10 10 10 10 10 10 10 10 10 10 35 30 30 30 36 10 10 10 10 10 10 10 10 10 10 10 10 10 10 10 10 35 30 30 30 30 30 30 30 30
30 30 31 30 30 36 10 10 10 10 10 10 10 10 10 10 10 10 10 10 35 30 30 30 36 10 10 10 10 10 10 10 10 10 10 10 10 10 10 10 10 35 30 31 30 30 30 30 30 30
30 30 30 31 30 36 10 10 10 10 10 10 10 10 10 10 10 10 10 10 37 38 38 38 39 10 10 10 10 10 10 10 10 10 10 10 10 10 10 10 10 35 30 30 30 30 30 30 30 30
30 30 30 30 30 36 10 10 10 10 10 10 10 10 10 10 10 10 10 10 10 10 10 10 10 10 10 10 10 10 10 10 10 10 10 10 10 10 10 10 10 35 31 30 30 30 30 30 30 30
30 30 30 30 30 36 10 10 10 10 10 10 10 10 10 10 10 10 10 10 10 10 10 10 10 10 10 10 10 10 10 10 10 10 10 10 10 10 10 32 33 43 30 30 30 30 30 30 30 30
30 30 30 31 30 42 34 10 10 10 10 10 10 10 10 10 10 10 10 10 10 10 10 10 10 10 10 10 10 10 10 10 10 10 10 10 10 10 10 35 30 30 30 30 31 30 30 30 30 30
30 30 30 30 30 30 42 34 10 10 10 10 10 10 10 10 10 10 10 10 10 10 10 10 10 10 10 10 10 10 10 10 10 10 10 10 10 10 10 35 30 30 30 30 30 30 30 30 30 30
30 30 30 30 30 30 30 36 10 10 10 10 10 10 10 10 10 10 10 10 10 10 10 10 10 10 10 10 10 10 10 10 10 10 10 10 10 10 10 35 30 30 30 30 30 31 30 30 30 30
30 31 30 30 30 30 40 39 10 10 10 10 10 10 10 10 10 10 10 10 10 10 10 10 10 10 10 10 10 10 10 10 10 10 10 10 10 10 10 35 30 30 31 30 30 30 30 30 30 30
30 30 30 30 30 30 36 10 10 10 10 10 10 10 10 10 10 10 10 10 10 10 10 10 90 10 10 10 10 10 10 10 10 10 10 10 10 10 10 35 30 30 30 30 30 30 30 30 30 30
30 30 31 30 30 30 36 10 10 10 10 10 10 10 10 10 10 10 10 10 10 10 10 10 10 10 10 10 10 10 10 10 10 10 10 10 10 10 10 35 30 31 30 30 30 30 30 30 30 30
30 30 30 30 30 30 36 10 10 10 10 10 10 10 10 10 10 10 10 10 10 10 10 10 10 10 10 10 10 10 10 10 10 10 10 10 10 10 10 35 30 30 30 30 30 30 30 30 30 30
30 30 30 30 31 30 36 10 10 10 10 10 10 10 10 10 10 10 10 10 10 10 10 10 10 10 10 10 10 10 10 10 10 10 10 10 10 10 32 43 30 30 30 30 30 30 30 30 30 30
30 30 30 30 30 31 36 10 10 10 10 10 10 10 10 10 10 10 10 10 10 10 10 10 10 10 10 10 10 10 10 10 10 10 10 10 10 10 35 30 31 30 30 30 30 30 30 30 30 30
30 30 30 30 30 30 42 34 10 10 10 10 10 10 10 10 10 10 10 10 10 10 10 10 10 10 10 10 10 10 10 10 10 10 10 10 10 10 35 30 30 30 30 31 30 30 30 30 30 30
30 30 30 30 30 30 30 36 10 10 10 10 10 10 10 10 10 10 10 10 10 10 10 10 10 10 10 10 10 10 10 10 10 10 10 10 10 10 35 30 30 30 30 30 30 30 30 30 30 30
30 30 30 30 31 30 40 39 10 10 10 10 10 10 10 10 10 10 10 10 10 10 10 10 10 10 10 10 10 10 10 10 10 10 10 10 10 10 35 30 30 30 31 30 30 30 30 30 30 30
30 30 30 30 30 30 36 10 10 10 10 10 10 10 10 10 10 10 10 10 10 10 10 10 10 10 10 10 10 10 10 10 10 10 10 10 10 10 35 30 30 30 30 30 30 30 30 30 30 30
30 30 31 30 30 30 36 10 10 10 10 10 10 10 10 10 10 10 10 10 10 10 10 10 10 10 10 10 10 10 10 10 10 10 10 10 10 10 35 30 31 30 30 30 30 30 30 30 30 30
30 30 30 30 30 30 36 10 10 10 10 10 10 10 10 10 10 10 10 10 10 10 10 10 10 10 10 10 10 10 10 10 10 10 10 10 10 10 35 30 30 30 30 30 30 30 30 30 30 30
30 30 30 30 30 31 36 10 10 10 10 10 10 10 10 10 10 10 10 10 10 10 10 10 10 10 10 10 10 10 10 10 10 10 10 10 10 10 35 30 30 30 30 31 30 30 30 30 30 30
30 30 30 30 30 30 36 10 10 10 10 10 10 10 10 10 10 10 10 10 10 10 10 10 10 10 10 10 10 10 10 10 10 10 10 10 10 32 43 30 30 31 30 30 30 30 30 30 30 30
30 30 30 30 30 30 42 34 10 10 10 10 10 10 10 10 10 10 10 10 10 10 10 10 10 10 10 10 10 10 10 10 10 10 10 10 10 35 30 30 30 30 30 30 30 30 30 30 30 30
30 30 30 30 31 30 30 36 10 10 10 10 10 10 10 10 10 10 10 10 10 10 10 10 10 10 10 10 10 10 10 10 10 10 10 10 10 35 30 30 30 30 30 30 30 31 30 30 30 30
30 30 30 30 30 30 30 36 10 10 10 10 10 10 10 10 10 10 10 10 10 10 10 10 10 10 10 10 10 10 10 10 10 10 10 10 10 35 30 30 31 30 30 30 30 30 30 30 30 30
30 30 30 30 30 30 30 36 10 10 10 10 10 10 10 10 10 10 10 10 10 10 10 10 10 10 10 10 10 10 10 10 10 10 10 10 10 35 30 30 30 30 30 30 30 30 30 30 30 30
30 30 30 31 30 30 40 39 10 10 10 10 10 10 10 10 10 10 10 10 10 10 10 10 10 10 10 10 10 10 10 10 10 10 10 10 10 37 41 30 30 30 30 30 30 30 30 30 30 30
30 30 30 30 30 30 36 10 10 10 10 10 10 10 10 10 10 10 10 10 10 10 10 10 10 10 10 10 10 10 10 10 10 10 10 10 10 10 37 41 30 30 30 31 30 30 30 30 30 30
30 30 30 30 30 31 36 10 10 10 10 10 10 10 10 10 10 10 10 10 10 10 10 10 10 10 10 10 10 10 10 10 10 10 10 10 10 10 10 35 30 30 30 30 30 30 30 30 30 30
30 30 30 30 30 30 36 10 10 10 10 10 10 10 10 10 10 10 10 10 10 10 10 10 10 10 10 10 10 10 10 10 10 10 10 10 10 10 10 35 30 31 30 30 30 30 30 30 30 30
30 30 30 30 30 30 36 10 10 10 10 10 10 10 10 10 10 10 10 10 10 10 10 10 10 10 10 10 10 10 10 10 10 10 10 10 10 10 10 35 30 30 30 30 30 30 30 30 30 30
30 31 30 30 30 30 36 10 10 10 10 10 10 10 10 10 10 10 10 10 10 10 10 10 10 10 10 10 10 10 10 10 10 10 10 10 10 10 10 35 30 30 30 30 31 30 30 30 30 30
30 30 30 30 30 30 36 10 10 10 10 10 10 10 32 33 33 34 10 10 10 10 10 10 10 10 32 33 33 34 10 10 10 10 10 10 10 10 10 35 30 30 30 30 30 30 31 30 30 30
30 30 30 30 30 30 36 10 10 10 10 10 10 32 43 30 30 42 34 10 10 10 10 10 10 32 43 30 30 36 10 10 10 10 10 10 10 10 10 35 30 30 30 30 30 30 30 30 30 30
30 30 30 31 30 30 42 33 33 33 33 33 33 43 30 30 30 30 42 33 33 33 33 33 33 43 30 31 30 42 34 10 10 10 10 10 10 32 33 43 30 31 30 30 30 30 30 30 30 30
30 30 30 30 30 30 30 30 30 30 30 30 30 30 30 30 30 31 30 30 30 30 30 30 30 30 30 30 30 30 42 33 33 33 33 33 33 43 30 30 30 30 30 30 30 31 30 30 30 30
30 30 30 30 30 30 30 30 30 30 31 30 30 30 30 31 30 30 30 30 30 30 30 30 30 30 30 30 30 30 30 30 30 30 30 31 30 30 30 30 30 30 31 30 30 30 30 30 30 30
30 30 30 30 30 31 30 30 30 30 30 30 30 30 30 30 30 30 30 30 30 30 30 31 30 30 30 30 31 30 30 30 30 30 30 30 30 30 30 30 30 30 30 30 30 30 30 30 30 30