30 30 30 30 30 30 30 30 31 30 30 30 30 30 30 30 30 30 30 30 30 31 30 30 30 30 30 30 30 30 30 30 30 30 30 30 30 30 30 30 30 30 30 30 30 30 30 30 30 30
30 30 30 30 30 30 31 30 30 30 30 30 30 30 30 30 30 30 30 30 30 30 30 30 30 30 30 30 31 30 30 30 30 30 30 30 30 30 30 30 30 30 30 30 30 30 30 30 30 30
30 30 30 30 30 30 30 30 30 30 30 30 30 30 30 31 30 30 30 30 30 30 30 30 40 38 38 38 41 30 30 30 30 30 31 30 30 30 30 31 30 30 30 30 30 30 30 30 30 30
30 30 30 30 30 30 30 31 30 30 30 30 31 30 30 30 30 30 30 30 30 30 30 30 36 10 10 10 37 38 41 30 30 30 30 30 30 30 30 30 30 31 30 30 30 30 30 30 30 30
30 30 30 30 30 30 30 40 38 38 38 41 30 30 30 30 30 30 30 30 30 30 30 30 36 10 10 10 10 10 37 41 30 30 30 30 30 30 30 30 30 30 30 30 30 30 30 30 30 30
30 30 31 30 30 40 38 39 10 10 20 37 38 38 41 30 30 30 30 40 38 38 38 38 39 10 10 10 10 10 10 37 41 30 30 30 30 30 30 30 30 30 30 30 30 30 30 30 30 30
30 30 30 30 40 39 10 10 10 10 10 10 10 20 35 30 31 30 40 39 10 10 10 10 10 10 10 10 10 10 10 10 35 30 30 30 30 30 30 30 30 30 30 30 30 30 30 30 30 30
30 30 30 30 36 10 10 10 11 10 10 10 11 32 43 30 30 30 36 10 10 10 10 10 10 10 10 10 10 10 10 10 35 30 30 30 30 30 30 30 30 30 30 30 30 30 30 30 30 30
30 30 30 30 42 34 20 10 10 10 10 10 32 43 30 30 30 30 36 10 10 10 10 10 10 10 10 10 10 10 10 10 37 41 30 40 38 38 41 30 30 30 30 30 30 30 30 30 30 30
31 30 30 31 40 39 10 10 10 10 10 10 35 30 30 30 30 40 39 10 10 10 10 10 10 10 10 10 10 10 10 10 10 37 38 39 10 10 35 30 30 30 30 30 31 30 30 30 30 30
30 30 30 30 36 11 10 10 10 10 10 32 43 30 30 40 38 39 10 10 10 10 10 10 10 10 10 10 10 10 10 10 10 10 10 10 10 10 35 30 30 30 30 30 30 30 30 30 30 30
30 30 30 30 36 20 10 10 10 10 32 43 30 30 30 36 10 10 10 10 10 10 10 10 10 10 10 10 10 10 10 10 10 10 10 10 10 10 35 30 30 30 30 31 30 30 30 30 30 30
30 30 31 30 42 34 20 11 32 33 43 31 30 30 30 36 10 10 10 10 10 10 10 10 10 10 10 10 10 10 10 10 10 10 10 10 10 10 35 30 30 30 30 30 30 30 30 30 30 30
30 30 30 30 30 42 33 33 43 30 30 30 30 30 30 42 34 10 10 10 10 10 10 10 10 10 10 10 10 10 10 10 10 10 10 10 10 10 35 30 30 30 30 30 30 30 30 30 30 30
30 30 30 30 30 30 30 30 31 30 30 30 40 38 38 38 39 10 10 10 10 10 10 10 10 10 10 10 10 10 10 10 10 10 10 10 10 10 35 30 30 31 30 30 30 31 30 30 30 30
30 30 30 30 30 30 30 30 30 30 30 40 39 10 10 10 10 10 10 10 10 10 10 10 10 10 10 10 10 10 10 10 10 10 10 10 10 32 43 31 30 30 30 30 30 30 30 30 30 30
30 30 30 30 30 30 31 30 30 30 30 36 10 10 10 10 10 10 10 10 10 10 10 10 10 10 10 10 10 10 10 10 10 10 10 10 32 43 30 30 30 30 30 31 30 30 30 30 30 30
30 30 30 30 30 30 30 30 30 30 40 39 10 10 10 10 10 10 10 10 10 10 10 10 10 10 10 10 10 10 10 10 10 10 10 32 43 30 30 30 30 30 30 30 30 30 30 30 31 30
30 30 30 30 30 30 30 30 30 40 39 10 10 10 10 10 10 10 10 10 10 10 10 10 10 10 10 10 10 10 10 10 10 32 33 43 30 30 30 30 31 30 30 30 30 30 30 30 30 30
30 30 30 30 30 30 30 30 40 39 10 10 10 10 10 10 10 10 10 10 10 10 10 10 10 10 10 10 10 10 10 10 10 35 30 30 30 31 30 30 30 30 30 30 30 30 31 30 30 30
30 30 30 30 30 30 30 40 39 10 10 10 10 32 34 10 10 10 10 10 10 10 10 10 10 10 10 10 10 10 10 10 10 37 38 41 30 30 30 30 30 31 30 30 30 30 30 30 30 30
30 30 30 30 30 30 30 36 10 10 10 10 10 35 42 34 10 10 10 10 10 10 10 10 10 10 10 10 10 10 10 10 10 10 10 35 30 30 30 30 30 30 30 30 30 30 30 30 31 30
30 30 30 30 30 30 30 36 10 10 10 10 10 37 41 42 34 10 10 10 10 10 10 10 10 10 10 10 10 10 10 10 10 10 10 37 41 30 30 30 30 30 30 30 30 30 30 30 30 30
30 30 30 30 30 30 30 42 33 34 10 10 10 10 37 38 39 10 10 10 10 10 10 10 10 10 10 10 10 32 34 10 10 10 10 10 35 40 38 41 30 30 30 30 30 30 30 30 30 30
30 30 30 30 30 30 30 40 38 39 10 10 10 10 10 10 10 10 10 10 10 10 10 10 10 10 10 10 10 35 42 34 10 10 10 10 37 39 10 35 30 30 30 30 30 30 30 30 30 31
31 30 30 30 30 31 30 36 10 10 10 10 10 10 10 10 10 10 10 10 10 10 10 10 10 10 10 10 10 37 41 42 34 10 10 10 10 10 10 35 30 30 30 30 30 30 30 30 30 30
30 30 30 30 30 30 30 36 10 10 10 10 10 10 10 10 10 10 10 10 10 10 10 10 10 10 10 10 10 10 37 38 39 10 10 10 10 10 32 43 30 30 30 30 30 30 30 30 30 30
30 31 30 30 30 30 30 36 10 10 10 10 10 10 10 10 10 10 10 10 10 10 10 10 10 10 10 10 10 10 10 10 10 10 10 10 32 33 43 30 30 30 30 31 30 30 30 30 30 30
30 30 30 30 30 30 30 36 10 10 10 10 10 10 10 10 10 10 10 10 10 10 10 10 10 10 10 10 10 10 10 10 10 10 10 10 35 30 30 30 30 30 30 30 30 30 30 30 30 30
30 30 30 30 30 30 30 36 10 10 10 10 10 10 10 10 10 10 10 10 10 10 10 10 10 10 10 10 10 10 10 10 10 10 10 32 43 30 30 31 30 30 30 30 30 30 30 30 30 30
30 31 30 30 30 30 30 42 34 10 10 10 10 10 10 10 10 10 10 10 10 10 10 10 10 10 10 10 10 10 10 10 10 10 32 43 31 30 30 40 38 38 41 30 30 30 30 31 30 30
30 30 30 30 31 30 30 40 39 10 10 10 10 10 10 10 10 10 10 10 10 10 10 10 10 10 10 10 10 10 10 10 10 10 35 30 30 30 40 39 10 10 37 41 30 30 30 30 30 30
30 30 30 30 30 30 40 39 10 10 10 10 10 10 10 10 10 10 10 10 10 10 10 10 10 10 10 10 10 10 10 10 10 10 35 30 31 40 39 10 10 10 10 35 30 30 30 31 30 30
30 30 30 30 30 30 36 10 10 10 10 10 10 10 10 10 10 10 10 10 10 10 10 10 10 10 10 10 10 10 10 10 10 10 35 30 30 36 10 10 10 10 32 43 30 30 30 30 30 30
30 30 30 30 30 30 36 10 10 10 10 10 10 10 10 10 10 10 10 10 10 10 10 10 10 10 10 10 10 10 10 10 10 32 43 30 40 39 10 10 10 10 35 30 30 30 30 30 30 30
30 30 30 30 30 30 42 34 10 10 10 10 10 10 10 10 10 10 10 10 10 10 10 10 10 10 10 10 10 10 10 10 32 43 40 38 39 10 10 10 10 32 43 30 30 30 30 30 30 30
30 30 30 30 30 30 30 42 34 10 10 10 10 10 10 10 10 10 10 10 10 10 10 10 10 10 10 10 10 10 10 10 35 30 36 10 10 10 10 10 32 43 30 30 30 30 30 30 30 30
30 30 30 30 31 30 30 30 42 33 33 33 33 34 10 10 10 10 10 10 10 10 10 10 10 10 10 10 10 10 10 10 35 30 36 10 10 10 10 10 35 30 30 30 30 30 30 30 30 30
30 30 30 30 30 30 30 30 30 30 31 30 30 36 10 10 10 10 10 10 10 10 10 10 10 10 10 10 10 10 10 32 43 30 36 10 10 10 10 10 35 30 30 30 30 30 30 30 30 30
30 30 30 30 30 30 30 30 30 30 30 30 30 36 10 10 10 10 10 10 10 10 10 10 10 10 10 10 10 32 33 43 30 30 36 10 10 10 10 32 43 30 30 31 30 30 30 30 30 30
30 31 30 30 30 30 30 30 30 30 30 30 30 36 10 10 10 10 10 10 10 10 10 10 10 10 10 10 32 43 30 30 30 30 42 34 10 32 33 43 30 30 30 30 30 31 30 30 30 30
30 30 30 30 30 30 30 30 30 30 30 30 30 42 34 10 10 10 10 10 10 10 10 10 10 10 10 10 35 30 30 30 31 30 30 42 33 43 31 30 30 30 30 30 30 30 30 30 30 30
30 31 30 30 30 30 30 30 30 30 30 30 30 30 42 34 10 32 33 34 10 10 10 10 10 10 32 33 43 30 30 30 30 30 30 30 30 30 30 30 30 30 30 30 30 30 30 30 30 30
30 30 30 30 30 30 30 30 30 30 30 30 30 30 30 42 33 43 30 42 34 10 10 10 10 10 35 30 30 31 30 30 30 30 30 30 30 30 30 30 30 30 30 30 30 30 30 30 30 30
30 30 30 30 30 30 30 30 31 30 30 30 30 30 30 30 31 30 30 30 42 33 33 33 33 33 43 30 30 30 30 30 30 31 30 30 30 30 30 30 30 30 30 30 30 30 30 30 30 30
30 30 30 30 31 30 30 30 30 30 30 30 30 30 31 30 30 30 30 30 31 30 30 30 30 30 30 30 30 30 30 30 30 30 30 30 31 30 30 30 30 30 30 30 30 31 30 30 30 30
30 30 30 30 30 30 30 30 30 30 30 31 30 30 30 30 30 30 30 30 30 30 30 30 30 30 30 30 30 30 30 30 30 30 30 30 30 30 30 31 30 30 30 30 30 30 30 30 30 30
30 30 30 30 30 30 30 30 30 30 30 30 30 31 30 30 30 30 30 30 30 30 30 30 30 30 31 30 30 30 30 30 30 30 30 30 31 30 30 30 30 30 30 30 30 30 30 30 31 30
30 30 31 30 30 30 30 30 30 30 30 30 30 30 30 30 30 30 30 30 30 30 30 30 30 30 30 30 30 31 30 30 30 30 30 30 30 30 30 30 30 30 30 30 30 30 30 30 30 30
30 30 30 30 30 30 30 30 30 30 30 30 30 30 30 30 30 30 30 30 30 30 30 30 30 30 30 30 30 30 30 30 30 31 30 30 30 30 30 30 30 30 30 30 30 30 30 30 30 30