12 12 12 12 12 12 12 12 12 12 12 12 12 12 12 12 12 12 12 12 12 12 12 12 12 12 12 12 12 12 12 12 12 12 12 12 12 12 12 12 12 12 12 12 12 12 12 12 12 12
12 12 12 12 12 12 12 12 12 12 12 12 12 12 12 12 12 12 12 12 12 12 12 12 12 12 12 12 12 12 12 12 12 12 12 12 12 12 12 12 12 12 12 12 12 12 12 12 12 12
12 12 12 12 12 12 12 12 12 12 12 12 12 12 12 12 12 12 12 12 12 12 12 12 12 12 12 12 12 12 12 12 12 12 12 12 12 12 12 12 12 12 12 12 12 12 12 12 12 12
12 12 12 12 12 12 12 12 12 12 12 12 12 12 12 12 12 12 12 12 12 12 12 12 12 12 12 12 12 12 12 12 12 12 12 12 12 12 12 12 12 12 12 12 12 12 12 12 12 12
12 12 12 12 12 12 12 12 12 12 12 12 12 13 12 12 12 12 12 12 12 12 12 12 12 12 12 12 12 12 12 12 12 12 12 12 12 12 12 12 12 12 12 12 12 12 12 12 12 12
12 12 12 12 12 12 13 12 12 12 12 12 12 12 12 12 12 12 12 12 12 12 12 12 13 12 12 12 12 12 12 12 13 12 12 12 12 12 12 12 12 12 12 12 12 12 12 12 12 12
12 12 12 13 12 12 12 12 12 12 13 12 12 12 12 12 12 13 12 12 12 12 12 12 12 12 13 12 12 12 12 12 12 12 12 12 12 12 12 12 13 12 12 12 12 12 12 12 12 12
12 12 12 12 12 12 12 12 13 12 12 12 12 12 13 12 12 12 12 12 12 12 13 12 12 12 12 12 12 12 13 12 12 13 12 12 12 13 12 12 12 12 12 12 12 12 12 12 12 12
12 12 12 12 12 12 12 12 12 12 12 12 12 12 12 12 12 12 12 12 13 12 12 12 12 12 12 12 13 12 12 12 12 12 12 13 12 12 12 12 12 12 13 12 12 12 12 12 12 12
12 12 12 12 13 22 20 20 20 20 20 20 20 23 12 12 12 22 20 20 20 20 20 20 20 20 23 12 12 12 22 20 20 20 20 20 20 20 20 20 20 23 12 12 12 12 12 12 12 12
12 12 12 12 12 18 10 40 40 40 40 40 10 19 20 20 20 21 10 10 10 11 10 10 10 10 19 20 20 20 21 10 10 35 10 10 10 10 10 10 10 17 12 12 13 12 12 12 12 12
12 13 12 12 12 18 10 40 39 39 39 40 10 10 10 10 10 10 10 10 14 15 15 15 16 10 10 10 10 10 10 10 10 10 10 10 10 10 10 10 10 17 12 12 12 12 12 12 12 12
12 12 12 12 12 18 10 40 39 39 39 40 10 10 10 10 10 10 10 10 17 12 12 12 18 10 10 10 10 10 10 10 10 10 10 10 10 10 10 10 10 17 12 12 12 12 12 12 12 12
12 12 13 12 12 18 10 40 39 39 39 40 10 10 10 10 10 10 10 10 17 12 12 12 18 11 10 10 10 10 10 10 10 10 10 10 10 10 10 10 10 17 12 13 12 12 12 12 12 12
12 12 12 13 12 18 10 40 39 39 39 40 10 10 10 10 10 10 10 10 19 20 20 20 21 10 10 10 10 10 10 10 10 10 10 10 10 10 10 10 10 17 12 12 12 12 12 12 12 12
12 12 12 12 12 18 10 40 40 39 40 40 10 10 10 10 10 10 10 11 10 35 10 10 10 10 10 10 10 10 10 10 10 37 10 10 29 10 10 10 38 17 13 12 12 12 12 12 12 12
12 12 12 12 12 18 10 10 10 10 10 10 10 10 10 10 10 10 10 10 10 10 10 10 10 10 10 10 10 10 10 10 10 10 10 10 10 10 10 14 15 25 12 12 12 12 12 12 12 12
12 12 12 13 12 18 10 10 10 10 10 10 10 10 10 10 10 10 10 10 10 10 10 10 10 10 10 10 10 10 10 10 10 10 10 10 10 10 10 17 12 12 12 12 13 12 12 12 12 12
12 12 12 12 12 24 15 16 10 10 10 10 10 10 10 10 10 10 10 10 10 10 10 10 10 10 10 10 10 10 10 10 10 10 10 10 10 10 10 17 12 12 12 12 12 12 12 12 12 12
12 12 12 12 12 12 12 18 10 10 10 10 10 10 10 10 10 10 10 10 10 10 10 10 10 10 10 10 10 10 10 10 10 10 10 10 10 10 10 17 12 12 12 12 12 13 12 12 12 12
12 13 12 12 12 12 22 21 10 10 10 10 10 10 10 10 10 10 10 10 10 10 10 10 10 10 10 10 10 10 10 10 10 10 35 10 10 10 10 17 12 12 13 12 12 12 12 12 12 12
12 12 12 12 12 12 18 10 10 10 10 10 10 10 10 10 10 10 10 10 10 10 10 10 10 10 10 10 10 10 10 10 10 10 10 10 10 10 10 17 12 12 12 12 12 12 12 12 12 12
12 12 13 12 12 12 18 10 10 10 10 10 10 10 10 10 10 10 10 10 10 10 10 10 10 10 10 10 10 10 10 10 10 10 10 10 10 10 38 17 12 13 12 12 12 12 12 12 12 12
12 12 12 12 12 12 18 10 10 10 10 10 35 10 10 10 10 10 10 10 10 10 10 32 10 10 10 10 10 10 10 10 10 10 10 10 10 10 10 17 12 12 12 12 12 12 12 12 12 12
12 12 12 12 13 12 18 10 10 10 10 11 10 10 10 10 10 10 10 10 10 10 10 10 10 10 10 10 10 10 10 10 10 10 10 10 10 10 14 25 12 12 12 12 12 12 12 12 12 12
12 12 12 12 12 13 18 10 10 10 10 10 37 10 10 10 10 10 10 10 10 29 10 10 10 10 10 10 10 10 10 10 10 10 29 10 10 10 17 12 13 12 12 12 12 12 12 12 12 12
12 12 12 12 12 12 24 16 10 10 10 10 10 10 10 10 10 10 10 10 10 10 10 10 10 10 10 10 10 10 10 10 10 10 10 10 10 10 17 12 12 12 12 13 12 12 12 12 12 12
12 12 12 12 12 12 12 18 10 10 10 10 10 10 10 10 10 10 10 10 10 10 10 10 10 10 10 10 10 10 10 10 10 10 10 10 10 11 17 12 12 12 12 12 12 12 12 12 12 12
12 12 12 12 13 12 22 21 10 10 10 10 10 10 10 10 10 10 10 10 10 10 10 10 10 10 10 10 10 10 10 10 10 10 10 10 10 10 17 12 12 12 13 12 12 12 12 12 12 12
12 12 12 12 12 12 18 10 10 10 10 10 10 10 10 10 10 10 10 10 10 10 10 10 10 10 10 10 10 10 10 10 10 10 10 10 10 10 17 12 12 12 12 12 12 12 12 12 12 12
12 12 13 12 12 12 18 10 10 10 10 10 10 10 10 10 10 10 10 10 10 10 10 10 10 10 10 10 10 10 10 10 10 10 10 10 10 10 17 12 13 12 12 12 12 12 12 12 12 12
12 12 12 12 12 12 18 10 10 10 10 10 10 10 10 10 10 10 10 10 10 10 10 10 10 10 10 10 10 10 10 10 10 10 10 10 10 10 17 12 12 12 12 12 12 12 12 12 12 12
12 12 12 12 12 13 18 10 10 10 10 10 10 10 10 10 10 10 10 10 10 10 10 10 10 10 10 10 10 10 10 10 10 10 37 10 38 10 17 12 12 12 12 13 12 12 12 12 12 12
12 12 12 12 12 12 18 10 10 11 10 10 10 10 10 10 10 10 10 10 10 10 10 10 10 10 10 10 10 10 10 10 10 10 10 10 10 14 25 12 12 13 12 12 12 12 12 12 12 12
12 12 12 12 12 12 24 16 10 10 10 10 10 10 10 10 10 10 10 10 10 10 10 10 10 10 10 10 10 10 10 10 10 10 10 10 10 17 12 12 12 12 12 12 12 12 12 12 12 12
12 12 12 12 13 12 12 18 10 10 10 10 11 10 10 10 10 10 10 10 10 10 10 10 10 10 10 10 10 10 10 10 10 10 10 10 10 17 12 12 12 12 12 12 12 13 12 12 12 12
12 12 12 12 12 12 12 18 11 10 10 10 10 10 10 10 10 10 10 10 10 10 10 10 10 10 10 10 10 10 10 10 10 10 10 10 11 17 12 12 13 12 12 12 12 12 12 12 12 12
12 12 12 12 12 12 12 18 10 10 10 10 10 10 10 10 10 10 10 10 10 10 10 10 10 10 10 10 10 10 10 10 10 10 10 10 10 17 12 12 12 12 12 12 12 12 12 12 12 12
12 12 12 13 12 12 22 21 10 10 10 10 10 10 10 10 10 10 10 10 10 37 10 38 10 10 10 10 10 10 10 10 10 10 11 10 10 19 23 12 12 12 12 12 12 12 12 12 12 12
12 12 12 12 12 12 18 10 10 10 10 10 10 10 10 10 10 10 10 10 10 10 10 10 10 10 10 10 10 10 10 10 10 10 10 10 10 10 19 23 12 12 12 13 12 12 12 12 12 12
12 12 12 12 12 13 18 10 10 10 10 10 10 10 10 10 10 10 10 10 10 10 10 10 10 10 10 10 10 10 10 10 10 10 10 10 10 10 10 17 12 12 12 12 12 12 12 12 12 12
12 12 12 12 12 12 18 10 10 10 10 10 10 10 10 10 10 10 11 10 10 10 10 10 11 10 10 10 10 10 10 10 10 10 10 10 11 10 10 17 12 13 12 12 12 12 12 12 12 12
12 12 12 12 12 12 18 10 10 10 10 10 10 10 10 10 10 10 10 11 10 10 10 10 10 10 10 10 10 10 10 10 10 10 10 10 10 10 10 17 12 12 12 12 12 12 12 12 12 12
12 13 12 12 12 12 18 10 10 10 10 10 10 10 10 10 10 10 10 10 10 10 10 10 10 10 10 10 10 10 10 10 10 10 10 10 10 10 10 17 12 12 12 12 13 12 12 12 12 12
12 12 12 12 12 12 18 10 10 10 10 10 10 10 14 15 15 16 10 10 10 10 10 11 10 10 14 15 15 16 10 10 10 10 10 10 10 11 10 17 12 12 12 12 12 12 13 12 12 12
12 12 12 12 12 12 18 10 10 10 10 10 10 14 25 12 12 24 16 10 10 10 10 10 10 14 25 12 12 18 10 10 10 10 10 10 10 10 10 17 12 12 12 12 12 12 12 12 12 12
12 12 12 13 12 12 24 15 15 15 15 15 15 25 12 12 12 12 24 15 15 15 15 15 15 25 12 13 12 24 16 10 11 10 10 10 10 14 15 25 12 13 12 12 12 12 12 12 12 12
12 12 12 12 12 12 12 12 12 12 12 12 12 12 12 12 12 13 12 12 12 12 12 12 12 12 12 12 12 12 24 15 15 15 15 15 15 25 12 12 12 12 12 12 12 13 12 12 12 12
12 12 12 12 12 12 12 12 12 12 13 12 12 12 12 13 12 12 12 12 12 12 12 12 12 12 12 12 12 12 12 12 12 12 12 13 12 12 12 12 12 12 13 12 12 12 12 12 12 12
12 12 12 12 12 13 12 12 12 12 12 12 12 12 12 12 12 12 12 12 12 12 12 13 12 12 12 12 13 12 12 12 12 12 12 12 12 12 12 12 12 12 12 12 12 12 12 12 12 12